# Created by Octave 3.8.2, Wed Dec 21 13:34:06 2016 CET <jaroddo@EVIRL-026-OK.dsic.cloud>
# name: w
# type: matrix
# rows: 101
# columns: 20
 -184.6 -184.5 -184.6 -184.4 -184.5 -184.6 -184.7 -184.7 -184.8 -184.6 -184.7 -184.7 -184.4 -184.5 -184.6 -184.5 -184.6 -184.7 -184.6 -184.7
 -14.56 -14.45 -14.45 -14.46 -14.44 -14.44 -14.42 -14.47 -14.45 -14.47 -14.45 -14.35 -14.51 -14.56 -14.41 -14.48 -14.25 -14.46 -14.22 -14.48
 -2.813 -2.802 -2.727 -2.752 -2.787 -2.677 -2.671 -2.696 -2.68 -2.658 -2.7 -2.228 -2.676 -2.797 -2.79 -2.706 -2.657 -2.564 -2.817 -2.801
 -3.701 -3.561 -3.544 -3.494 -3.583 -3.567 -3.588 -3.712 -3.538 -3.609 -3.569 -3.594 -3.526 -3.613 -3.489 -3.56 -2.867 -3.659 -3.366 -3.575
 -0.7612 -0.6991 -0.7105 -0.7105 -0.6969 -0.6756 -0.6571 -0.7305 -0.6742 -0.7159 -0.6718 -0.7267 -0.7678 -0.7793 -0.7053 -0.7271 -0.8322 -0.03 -0.3073 -0.6249
 -12.69 -12.73 -12.74 -12.74 -12.73 -12.74 -12.73 -12.67 -12.72 -12.74 -12.75 -12.63 -12.64 -12.79 -12.75 -12.74 -12.67 -12.72 -12.63 -12.69
 -6.514 -6.595 -6.661 -6.603 -6.614 -6.571 -6.403 -6.614 -6.503 -6.161 -6.076 -6.608 -6.578 -6.673 -6.627 -6.69 -6.604 -6.575 -6.616 -6.529
 -0.8907 -0.8045 -0.7856 -0.7943 -0.7995 -0.7769 -0.769 -0.8063 -0.7194 -0.914 -0.8282 -0.7762 -0.8111 -0.8072 -0.7862 -0.7317 -0.935 0.2888 -0.5673 -0.6497
 -0.7147 -0.6422 -0.6508 -0.7155 -0.7501 -0.6401 -0.5784 -0.6384 -0.6444 -0.6442 -0.628 0.6629 -0.9371 -0.7165 -0.3525 -0.6994 -0.7214 -0.6558 -0.9649 -0.6883
 -4.418 -4.394 -4.336 -4.375 -4.311 -4.377 -4.164 -4.348 -4.338 -4.071 -4.181 -4.331 -4.313 -4.363 -4.346 -4.389 -4.371 -4.326 -4.443 -4.378
 -0.3193 -0.3196 -0.3014 -0.3587 -0.362 -0.3586 -0.2971 -0.3347 -0.3138 -0.3393 -0.3131 0.2694 -0.4321 -0.3116 -0.3374 -0.3139 -0.226 -0.3239 -0.3214 -0.369
 -6.198 -6.112 -6.115 -6.114 -6.132 -6.093 -6.075 -6.117 -6.083 -6.126 -6.093 -6.084 -6.186 -6.222 -6.116 -6.207 -5.676 -6.092 -6.093 -5.926
 -2.164 -2.086 -2.142 -2.166 -2.179 -2.121 -1.919 -2.181 -2.115 -1.743 -1.645 -2.106 -1.931 -2.192 -2.233 -2.144 -2.133 -2.117 -2.155 -2.126
 -1.004 -0.631 -1.19 -1.091 -0.9251 0.4758 -0.8467 -0.8432 -0.8216 -0.8738 -0.8159 -0.8872 -0.9899 -0.8717 -0.9245 -1.041 -0.844 -0.8726 -1.032 -0.7406
 -2.465 -2.596 -2.515 -2.02 -2.215 -2.553 -2.304 -2.479 -2.454 -2.442 -2.463 -2.446 -2.548 -2.512 -2.458 -2.461 -2.474 -2.461 -2.502 -2.491
 -6.25 -6.293 -6.301 -6.321 -6.319 -6.305 -6.291 -6.311 -6.311 -6.299 -6.293 -6.329 -6.338 -6.365 -6.325 -6.472 -6.356 -6.331 -6.223 -6.098
 -7.076 -7.148 -7.149 -7.167 -7.157 -7.121 -7.087 -7.079 -7.106 -7.139 -7.077 -7.057 -7.196 -7.156 -7.143 -7.126 -7.038 -7.016 -6.895 -7.056
 -3.531 -3.457 -3.469 -3.497 -3.49 -3.419 -3.403 -3.433 -3.356 -3.452 -3.376 -3.424 -3.465 -3.484 -3.447 -3.494 -2.976 -3.422 -3.394 -3.19
 -4.333 -4.271 -4.276 -4.273 -4.319 -4.253 -4.254 -4.277 -4.282 -4.349 -4.238 -4.302 -4.279 -4.304 -4.303 -4.311 -4.347 -3.838 -4.202 -4.23
 -17.92 -18.01 -18 -18.01 -18.02 -18 -18.01 -18.01 -18.02 -18.01 -18.02 -18.02 -18 -17.93 -18.04 -18.05 -18.11 -18.01 -17.93 -17.84
 -9.044 -9.17 -9.163 -9.179 -9.185 -9.16 -9.16 -9.177 -9.172 -9.199 -9.165 -9.15 -9.189 -9.202 -9.165 -9.178 -9.137 -9.217 -9.215 -9.058
 -9.488 -9.403 -9.396 -9.393 -9.429 -9.404 -9.376 -9.373 -9.362 -9.423 -9.406 -9.394 -9.429 -9.328 -9.399 -9.349 -9.285 -9.366 -9.268 -9.339
 -7.426 -7.535 -7.492 -7.717 -6.704 -7.557 -7.39 -7.475 -7.41 -7.52 -7.402 -7.368 -7.464 -7.391 -7.474 -7.565 -7.579 -7.473 -7.564 -7.096
 -6.988 -7.186 -7.212 -7.223 -7.236 -7.23 -7.196 -7.223 -7.215 -7.226 -7.206 -7.252 -7.153 -7.283 -6.891 -7.281 -7.252 -7.179 -7.326 -7.051
 -16.04 -15.84 -16.01 -15.85 -15.89 -15.89 -15.92 -16 -15.99 -15.99 -16.02 -16.02 -15.85 -15.96 -15.89 -15.98 -15.99 -15.97 -16.04 -16.03
 -1.81 -1.742 -1.725 -1.401 -1.795 -1.725 -1.684 -1.664 -1.665 -1.191 -1.255 -1.71 -1.724 -1.768 -1.637 -1.772 -1.68 -1.688 -1.722 -1.758
 -1.471 -1.414 -1.416 -1.429 -1.488 -1.368 -1.285 -1.35 -1.362 -0.5109 -0.5282 -1.326 -1.483 -1.417 -1.384 -1.403 -1.443 -1.379 -1.538 -1.463
 -16.62 -16.56 -16.57 -16.59 -16.61 -16.56 -16.63 -16.63 -16.59 -16.65 -16.63 -16.58 -16.41 -16.54 -16.59 -16.6 -16.64 -16.58 -16.61 -16.58
 -6.408 -6.576 -6.58 -6.564 -6.585 -6.559 -6.544 -6.56 -6.527 -6.562 -6.525 -6.574 -6.558 -6.596 -6.567 -6.301 -6.595 -6.538 -6.725 -6.224
 -12.33 -12.28 -12.22 -11.84 -12.43 -12.19 -12.23 -12.29 -12.27 -12.31 -12.28 -12.32 -12.13 -12.27 -12.26 -12.32 -12.3 -12.28 -12.29 -12.29
 -16.96 -16.89 -16.95 -16.91 -16.88 -16.82 -16.85 -16.8 -16.85 -16.58 -16.83 -16.88 -16.92 -16.7 -16.79 -16.86 -16.84 -16.84 -16.88 -16.97
 -3.317 -3.234 -3.224 -3.237 -3.199 -3.235 -3.212 -3.281 -3.17 -3.174 -3.186 -3.253 -3.323 -3.314 -3.232 -3.42 -2.558 -3.045 -3.248 -3.122
 -2.967 -2.961 -2.984 -3.023 -2.974 -2.963 -2.838 -2.902 -2.843 -2.297 -2.31 -2.886 -3.096 -2.987 -2.818 -2.988 -2.907 -2.866 -3.042 -2.835
 -2.538 -2.364 -2.341 -2.336 -2.372 -2.291 -2.253 -2.286 -2.257 -2.31 -2.251 -2.314 -2.383 -2.329 -2.377 -1.762 -2.354 -2.446 -2.481 -1.935
 -7.168 -7.103 -7.102 -7.101 -7.109 -7.111 -7.092 -7.102 -7.107 -7.123 -7.092 -7.127 -7.031 -7.068 -7.117 -7.05 -6.862 -7.112 -7.078 -7.054
 -1.413 -1.35 -1.301 -1.379 -1.323 -1.264 -1.12 -1.229 -1.165 -0.2441 -1.091 -1.243 -1.42 -1.347 -1.277 -1.36 -1.316 -1.181 -1.455 -1.261
 -1.855 -2.09 -2.115 -2.284 -1.738 -2.073 -0.4542 -1.781 -1.804 -1.826 -1.81 -2.116 -1.915 -1.648 -1.971 -1.821 -1.815 -1.785 -1.799 -1.802
 -3.09 -3.269 -3.199 -3.2 -3.154 -2.812 -3.133 -2.843 -3.089 -3.087 -3.057 -2.723 -3.159 -3.092 -3.157 -3.106 -3.083 -3.083 -3.075 -3.111
 -0.3674 -0.2654 -0.2632 -0.2765 -0.2713 -0.2529 -0.2385 -0.4443 -0.2455 -0.2609 -0.2398 -0.2608 -0.2871 -0.2903 -0.2609 -0.3021 -0.2916 0.383 -0.1269 -0.2792
 -0.2118 -0.2161 -0.2179 -0.24 -0.2368 -0.2274 -0.1916 -0.2202 -0.1763 -0.8598 0.8738 -0.1899 -0.2551 -0.2459 -0.2344 -0.2515 -0.243 -0.1895 -0.1972 -0.1837
 -6.732 -6.679 -6.806 -6.738 -6.721 -6.569 -6.767 -6.79 -6.81 -6.832 -6.762 -6.79 -6.681 -6.62 -6.019 -6.827 -6.795 -6.807 -6.769 -6.973
 -1.668 -1.59 -1.554 -1.531 -1.574 -1.533 -1.489 -1.504 -1.468 -0.8407 -0.9208 -1.533 -1.562 -1.49 -1.374 -1.574 -1.577 -1.514 -1.769 -1.598
 -9.008 -9.022 -9.014 -9.038 -9.016 -9.012 -8.776 -8.062 -8.826 -9.041 -8.949 -8.991 -8.659 -9.069 -9.044 -9.064 -9.025 -8.96 -9.003 -8.959
 -26.91 -27.06 -27.06 -27.05 -27.06 -27.05 -27.03 -27.05 -27.04 -27.05 -27.04 -27.05 -27.08 -27.06 -27.08 -26.92 -27.06 -27.05 -27.08 -26.99
 -4.639 -4.662 -4.672 -4.682 -4.665 -4.675 -4.67 -4.72 -4.659 -4.723 -4.66 -4.674 -4.666 -4.779 -4.689 -4.333 -4.704 -4.666 -4.578 -4.666
 -6.262 -6.123 -6.128 -6.204 -6.127 -6.209 -6.198 -6.137 -6.19 -6.011 -5.831 -6.189 -6.087 -6.079 -6.207 -6.124 -6.338 -6.171 -6.063 -6.123
 -0.9572 -1.069 -0.9563 -0.9601 -0.984 -0.9432 -0.9344 -0.8725 -0.8524 -0.9 -0.8471 0.2873 -0.9655 -0.9268 -0.9688 -0.9145 -0.65 -0.8613 -0.9779 -0.9367
 -143 -143.2 -143.1 -143.2 -143.2 -143.1 -143.2 -143.1 -143.1 -143.1 -143.1 -143.1 -143.1 -143.2 -143.1 -143.2 -143.1 -143.1 -143 -143
 0.0733 -0.9492 -0.9426 -0.9849 -0.9972 -0.8806 -0.8517 -1.044 -0.8843 -0.9937 -0.8735 -0.9695 -1.168 -1.253 -1.165 -1.104 -1.06 -0.9515 -1.615 -0.017
 -0.762 -0.955 -0.934 -0.9697 -0.9171 -0.9 -0.8393 -0.8814 -0.8578 -0.9408 -0.8241 -0.8877 -0.9884 -0.9701 0.2803 -0.9832 -0.9341 -0.8564 -1.034 -0.9763
 -3.444 -3.367 -3.341 -3.319 -3.436 -3.335 -3.336 -3.308 -3.319 -3.405 -3.366 -3.355 -3.358 -3.385 -3.401 -3.033 -3.391 -3.352 -3.409 -3.085
 -0.5714 -0.4546 -0.4401 -0.4622 -0.4477 -0.4468 -0.4451 -0.4303 -0.4512 -0.4964 -0.45 -0.477 -0.4798 -0.4823 -0.5285 -0.5084 -0.5201 0.2216 -0.4173 -0.482
 -0.6779 -0.3078 -0.2701 -0.2809 -0.3233 -0.2414 -0.2335 -0.2219 -0.2102 -0.2611 -0.2223 -0.2351 -0.2832 -0.321 -0.3243 1.121 -0.282 -0.2708 -0.3547 -0.7144
 -7.449 -7.818 -7.826 -7.82 -7.793 -7.821 -7.79 -7.808 -7.797 -7.827 -7.791 -7.828 -7.813 -7.882 -7.844 -7.867 -7.78 -7.787 -7.89 -7.611
