# Created by Octave 3.8.2, Thu Dec 15 13:51:11 2016 CET <jaroddo@EVIRL-021-OK.dsic.cloud>
# name: w
# type: matrix
# rows: 3
# columns: 2
 4 -4
 -1.098 1.098
 -4.531 4.531


