# Created by Octave 3.8.2, Thu Dec 15 10:54:22 2016 CET <jaroddo@EVIRL-026-OK.dsic.cloud>
# name: w
# type: matrix
# rows: 1281
# columns: 2
 -0.0033 0.0033
 -0.2286 0.2286
 -0.5024 0.5024
 0.2188 -0.2188
 -0.4806 0.4806
 0.6184 -0.6184
 -0.1535 0.1535
 1.377 -1.377
 1.064 -1.064
 0.6538 -0.6538
 0.6845 -0.6845
 -0.9439 0.9439
 -0.1639 0.1639
 -0.692 0.692
 0.01199 -0.01199
 0.2874 -0.2874
 0.5271 -0.5271
 0.128 -0.128
 0.03901 -0.03901
 0.5033 -0.5033
 -0.1848 0.1848
 -0.2533 0.2533
 -0.3987 0.3987
 -0.6463 0.6463
 0.3122 -0.3122
 -0.05533 0.05533
 -0.03798 0.03798
 -0.2735 0.2735
 -0.02019 0.02019
 0.2736 -0.2736
 -0.1843 0.1843
 -0.28 0.28
 1.225 -1.225
 -0.2228 0.2228
 -0.5887 0.5887
 0.2006 -0.2006
 -0.0705 0.0705
 -0.1685 0.1685
 -0.6983 0.6983
 0.9233 -0.9233
 -0.2024 0.2024
 -0.4493 0.4493
 -0.125 0.125
 0.1727 -0.1727
 -0.8475 0.8475
 -0.367 0.367
 -0.01939 0.01939
 -0.3649 0.3649
 0.1544 -0.1544
 -0.5613 0.5613
 -0.2733 0.2733
 0.1415 -0.1415
 -0.1122 0.1122
 0.3163 -0.3163
 1.006 -1.006
 0.1544 -0.1544
 -0.4745 0.4745
 0.4014 -0.4014
 -0.07361 0.07361
 -0.2094 0.2094
 -0.4358 0.4358
 -0.002493 0.002493
 0.1482 -0.1482
 -0.4937 0.4937
 -0.9291 0.9291
 -0.2294 0.2294
 0.007489 -0.007489
 -0.05541 0.05541
 0.1269 -0.1269
 1.068 -1.068
 0.1392 -0.1392
 0.06834 -0.06834
 -0.0381 0.0381
 -0.3099 0.3099
 0.3311 -0.3311
 -0.183 0.183
 0.6957 -0.6957
 0.5639 -0.5639
 0.4126 -0.4126
 0.3052 -0.3052
 0.03281 -0.03281
 0.2904 -0.2904
 -0.009916 0.009916
 0.2874 -0.2874
 0.01374 -0.01374
 0.2805 -0.2805
 0.06957 -0.06957
 0.005367 -0.005367
 -0.8763 0.8763
 0.01755 -0.01755
 -0.47 0.47
 -0.1935 0.1935
 0.1934 -0.1934
 -0.071 0.071
 -0.00476 0.00476
 0.4838 -0.4838
 -0.1696 0.1696
 -0.1983 0.1983
 0.04627 -0.04627
 0.07276 -0.07276
 -0.07651 0.07651
 0.3533 -0.3533
 -0.3987 0.3987
 -0.2444 0.2444
 -0.5438 0.5438
 0.6272 -0.6272
 0.03958 -0.03958
 -0.1283 0.1283
 0.0024 -0.0024
 -0.05858 0.05858
 -0.6101 0.6101
 -0.3075 0.3075
 0.3564 -0.3564
 0.1776 -0.1776
 -0.9677 0.9677
 -0.6633 0.6633
 0.3108 -0.3108
 -0.05717 0.05717
 -0.3146 0.3146
 -0.3954 0.3954
 0.1364 -0.1364
 0.2974 -0.2974
 0.1326 -0.1326
 0.495 -0.495
 0.2328 -0.2328
 -0.2287 0.2287
 0.1072 -0.1072
 0.1347 -0.1347
 0.2348 -0.2348
 0.1196 -0.1196
 0.1799 -0.1799
 0.2229 -0.2229
 -0.09448 0.09448
 -0.499 0.499
 0.1474 -0.1474
 0.07473 -0.07473
 -0.1118 0.1118
 0.1252 -0.1252
 -0.174 0.174
 0.02708 -0.02708
 -0.0048 0.0048
 0.06285 -0.06285
 0.06222 -0.06222
 -0.3107 0.3107
 -0.6908 0.6908
 -0.5201 0.5201
 0.4018 -0.4018
 0.379 -0.379
 0.4842 -0.4842
 0.05096 -0.05096
 1.194 -1.194
 -0.01452 0.01452
 0.2193 -0.2193
 0.6339 -0.6339
 0.4752 -0.4752
 0.3241 -0.3241
 -0.1888 0.1888
 0.02225 -0.02225
 -0.2503 0.2503
 -0.3366 0.3366
 -0.1246 0.1246
 0.2543 -0.2543
 -1.727 1.727
 -0.181 0.181
 0.0494 -0.0494
 -0.4429 0.4429
 -0.3369 0.3369
 -0.4072 0.4072
 -0.1151 0.1151
 -0.2996 0.2996
 0.2641 -0.2641
 0.2187 -0.2187
 1.005 -1.005
 0.1068 -0.1068
 -0.0418 0.0418
 0.1246 -0.1246
 0.3566 -0.3566
 0.2897 -0.2897
 0.01114 -0.01114
 0.3156 -0.3156
 0.3176 -0.3176
 -0.3272 0.3272
 -0.2306 0.2306
 -0.2158 0.2158
 0.1427 -0.1427
 0.1449 -0.1449
 0.3161 -0.3161
 -0.5958 0.5958
 -0.5227 0.5227
 -0.1424 0.1424
 0.357 -0.357
 -0.2713 0.2713
 0.1674 -0.1674
 0.05972 -0.05972
 0.06031 -0.06031
 0.1917 -0.1917
 -0.2449 0.2449
 0.3546 -0.3546
 0.7927 -0.7927
 -0.1913 0.1913
 -0.3948 0.3948
 -0.5165 0.5165
 0.5505 -0.5505
 0.03265 -0.03265
 0.02434 -0.02434
 -0.258 0.258
 -0.2136 0.2136
 -0.1671 0.1671
 -0.4058 0.4058
 0.6648 -0.6648
 -0.6154 0.6154
 -0.2105 0.2105
 -0.4113 0.4113
 -0.1221 0.1221
 0.2154 -0.2154
 -0.6298 0.6298
 -0.1689 0.1689
 -0.378 0.378
 0.08835 -0.08835
 -0.285 0.285
 -0.7671 0.7671
 0.4121 -0.4121
 0.101 -0.101
 0.2397 -0.2397
 -0.07082 0.07082
 -0.04025 0.04025
 0.1757 -0.1757
 0.2452 -0.2452
 0.42 -0.42
 0.3778 -0.3778
 -0.381 0.381
 1.282 -1.282
 -0.3535 0.3535
 -0.2615 0.2615
 -0.3084 0.3084
 -0.3391 0.3391
 0.2772 -0.2772
 -0.05038 0.05038
 -0.4201 0.4201
 -0.3185 0.3185
 -0.2662 0.2662
 0.1825 -0.1825
 -0.1553 0.1553
 0.2306 -0.2306
 -0.7069 0.7069
 -0.5188 0.5188
 0.1765 -0.1765
 -0.08392 0.08392
 -0.201 0.201
 -0.006232 0.006232
 0.1956 -0.1956
 -0.1874 0.1874
 0.3302 -0.3302
 -0.4488 0.4488
 0.05628 -0.05628
 -0.02997 0.02997
 -0.3301 0.3301
 -0.7244 0.7244
 0.3144 -0.3144
 0.1342 -0.1342
 0.4059 -0.4059
 0.1813 -0.1813
 0.2352 -0.2352
 -0.00743 0.00743
 0.02977 -0.02977
 -0.1091 0.1091
 -0.6088 0.6088
 -0.4496 0.4496
 -0.4029 0.4029
 0.5098 -0.5098
 0.4415 -0.4415
 -0.4115 0.4115
 -0.7134 0.7134
 -0.01279 0.01279
 0.5258 -0.5258
 -0.01971 0.01971
 -0.5846 0.5846
 -0.567 0.567
 -0.61 0.61
 -0.4885 0.4885
 -0.1537 0.1537
 0.5949 -0.5949
 -0.3601 0.3601
 -0.04538 0.04538
 -0.07612 0.07612
 -0.8314 0.8314
 0.2789 -0.2789
 0.4513 -0.4513
 0.3879 -0.3879
 -0.5142 0.5142
 -0.6612 0.6612
 0.2248 -0.2248
 0.1187 -0.1187
 0.164 -0.164
 0.03664 -0.03664
 -0.2217 0.2217
 0.6131 -0.6131
 0.6854 -0.6854
 -0.3822 0.3822
 -0.6819 0.6819
 0.4822 -0.4822
 0.06941 -0.06941
 0.05895 -0.05895
 -0.1382 0.1382
 -0.684 0.684
 0.3072 -0.3072
 -0.5115 0.5115
 0.3773 -0.3773
 0.7076 -0.7076
 -0.1127 0.1127
 0.208 -0.208
 0.02774 -0.02774
 -0.473 0.473
 -0.6224 0.6224
 -0.04351 0.04351
 -1.47 1.47
 0.1903 -0.1903
 0.7368 -0.7368
 0.2935 -0.2935
 -0.1107 0.1107
 0.1977 -0.1977
 -0.448 0.448
 0.04841 -0.04841
 0.1816 -0.1816
 -0.204 0.204
 -0.4433 0.4433
 0.4859 -0.4859
 -0.04239 0.04239
 -0.9572 0.9572
 -0.5693 0.5693
 -0.2313 0.2313
 0.08202 -0.08202
 -0.177 0.177
 0.05374 -0.05374
 0.6025 -0.6025
 -0.635 0.635
 0.09819 -0.09819
 0.321 -0.321
 -0.8418 0.8418
 -0.05929 0.05929
 0.04758 -0.04758
 -0.3369 0.3369
 -0.07552 0.07552
 0.4927 -0.4927
 0.4635 -0.4635
 0.1326 -0.1326
 -0.3283 0.3283
 0.212 -0.212
 0.6428 -0.6428
 0.197 -0.197
 -0.2767 0.2767
 0.2714 -0.2714
 -0.1049 0.1049
 -0.1773 0.1773
 -0.4296 0.4296
 -0.001966 0.001966
 -0.3563 0.3563
 0.03423 -0.03423
 0.4152 -0.4152
 -0.7685 0.7685
 0.1362 -0.1362
 0.212 -0.212
 -0.7321 0.7321
 -0.2996 0.2996
 0.276 -0.276
 -0.05409 0.05409
 0.3323 -0.3323
 -0.1454 0.1454
 -0.05266 0.05266
 -0.4105 0.4105
 0.8515 -0.8515
 -0.1213 0.1213
 0.121 -0.121
 -0.3209 0.3209
 -0.01787 0.01787
 0.3388 -0.3388
 0.617 -0.617
 0.2083 -0.2083
 -0.6799 0.6799
 -0.5152 0.5152
 0.3459 -0.3459
 -0.05475 0.05475
 0.1372 -0.1372
 -0.2747 0.2747
 -0.07756 0.07756
 -0.01329 0.01329
 -0.06205 0.06205
 -0.8768 0.8768
 0.1906 -0.1906
 -0.3324 0.3324
 0.3746 -0.3746
 -0.4822 0.4822
 0.1243 -0.1243
 0.8956 -0.8956
 -0.1231 0.1231
 0.6472 -0.6472
 -0.3775 0.3775
 0.3984 -0.3984
 0.1459 -0.1459
 -0.0916 0.0916
 0.3511 -0.3511
 -0.6956 0.6956
 -0.7264 0.7264
 -0.6422 0.6422
 0.1989 -0.1989
 -0.5088 0.5088
 0.07921 -0.07921
 -0.6267 0.6267
 0.5423 -0.5423
 -0.04518 0.04518
 -0.2406 0.2406
 -0.1903 0.1903
 -0.06601 0.06601
 -0.0234 0.0234
 -0.04919 0.04919
 -0.1081 0.1081
 0.6408 -0.6408
 -0.457 0.457
 -0.6306 0.6306
 0.1893 -0.1893
 0.08978 -0.08978
 0.5904 -0.5904
 -0.2936 0.2936
 -0.6405 0.6405
 -0.2224 0.2224
 0.678 -0.678
 0.03678 -0.03678
 -0.1458 0.1458
 -0.4143 0.4143
 -0.6722 0.6722
 0.07311 -0.07311
 0.4526 -0.4526
 -0.5821 0.5821
 -0.09411 0.09411
 0.2671 -0.2671
 -0.1165 0.1165
 0.7465 -0.7465
 -0.1922 0.1922
 0.2061 -0.2061
 0.07723 -0.07723
 -0.2977 0.2977
 -3.5e-06 3.5e-06
 -0.841 0.841
 0.2962 -0.2962
 -0.133 0.133
 -0.2357 0.2357
 -0.02786 0.02786
 -0.09631 0.09631
 0.4127 -0.4127
 0.1515 -0.1515
 -0.2053 0.2053
 0.1359 -0.1359
 0.01313 -0.01313
 0.1634 -0.1634
 0.3621 -0.3621
 -0.4376 0.4376
 0.07446 -0.07446
 -0.1973 0.1973
 -0.2268 0.2268
 -0.2553 0.2553
 -0.1607 0.1607
 0.592 -0.592
 0.248 -0.248
 -0.07408 0.07408
 -0.4946 0.4946
 -0.4836 0.4836
 -0.133 0.133
 -0.1495 0.1495
 -0.1965 0.1965
 0.02271 -0.02271
 0.5535 -0.5535
 0.582 -0.582
 0.06781 -0.06781
 -0.0801 0.0801
 0.2566 -0.2566
 0.1882 -0.1882
 -1.033 1.033
 -0.11 0.11
 1.11 -1.11
 0.08262 -0.08262
 0.1972 -0.1972
 -0.3843 0.3843
 -0.1707 0.1707
 -0.4625 0.4625
 -0.1505 0.1505
 -0.3569 0.3569
 -0.1491 0.1491
