# Created by Octave 3.8.2, Tue Dec 20 17:20:12 2016 CET <jaroddo@EVIRL-026-OK.dsic.cloud>
# name: w
# type: matrix
# rows: 5
# columns: 3
 -0.0002 0.0002 -0.0019
 -0.00246 -0.00316 -0.00477
 0.0006 -0.00174 -0.00381
 -0.00589 -0.00175 0.0005
 -0.00227 -0.00209 0.00203


