# Created by Octave 3.8.2, Wed Dec 14 09:18:55 2016 CET <jocolsan@EVIRL-009-OK.dsic.cloud>
# name: w
# type: matrix
# rows: 197
# columns: 10
 -0.1847 -0.1622 -0.1686 -0.1847 -0.1736 -0.1527 -0.1643 -0.1657 -0.2207 -0.1853
 0 0 0 0 0 0 0 0 0 0
 0 0 0 0 0 0 0 0 0 0
 -0.0009 -0.001433 -0.005208 -0.002216 -0.001816 0.004892 -0.0004082 -0.003667 -0.004908 -0.003508
 -0.001868 -0.007445 -0.006309 -0.005268 -0.005195 0.000593 -0.002255 0.007431 -0.005142 -0.004813
 -0.003528 -0.01184 0.001782 -0.007814 -0.002217 -0.007607 -0.007411 0.01656 -0.006745 -0.005644
 -0.01096 -0.01891 -0.008059 -0.007337 0.002195 -0.01511 -0.00916 0.00664 0.006142 -0.02082
 -0.01098 -0.02467 -0.01877 -0.01301 -0.01934 -0.03192 -0.02558 -0.01858 -0.01115 -0.008827
 -0.03365 -0.03614 -0.04587 -0.02923 -0.04157 -0.04582 -0.03253 -0.0506 -0.02926 -0.008541
 -0.05655 -0.03467 -0.04916 -0.05921 -0.06783 -0.04428 -0.04959 -0.07895 -0.03617 -0.031
 -0.05207 -0.04774 -0.04105 -0.05089 -0.06682 -0.05754 -0.05481 -0.04601 -0.0437 -0.03462
 -0.05339 -0.04726 -0.04893 -0.0522 -0.04376 -0.04959 -0.05267 -0.05048 -0.0579 -0.05344
 -0.02841 -0.01203 -0.02859 -0.02763 -0.01399 -0.0151 -0.02364 -0.01633 -0.02824 -0.02787
 -0.0124 0.003448 -0.01791 -0.02468 -0.006734 0.01488 -0.01546 -0.01083 -0.0117 -0.006868
 0 -0.0002 -0.0004 -0.0004 0.0002 0.0003 0 0 0 0
 0 0 0 -0.00248 0 0 0 0.00248 0 -0.001364
 -0.0001524 -0.001015 -0.0001529 -0.002304 0.001188 -0.001065 -0.0003697 0.002287 -0.0001462 -0.001161
 -0.005564 -0.007997 -0.001885 -0.01466 -0.006085 -0.003197 -0.007704 0.01211 -0.01121 -0.008256
 -0.01578 -0.01658 -0.0133 -0.008721 -0.01665 -0.01279 -0.01511 0.005799 -0.01501 -0.01661
 -0.0377 -0.04978 -0.03606 -0.02848 -0.02421 -0.02974 -0.05222 -0.01444 -0.03763 -0.05424
 -0.06195 -0.09022 -0.06994 -0.05807 -0.06244 -0.06447 -0.07051 -0.03227 -0.06639 -0.07226
 -0.08254 -0.1122 -0.08704 -0.0774 -0.09496 -0.09204 -0.101 -0.06478 -0.08904 -0.06964
 -0.1056 -0.1194 -0.0944 -0.09489 -0.1342 -0.1147 -0.1115 -0.08712 -0.1015 -0.06716
 -0.1069 -0.1252 -0.1175 -0.1126 -0.151 -0.1214 -0.1137 -0.09677 -0.1071 -0.07284
 -0.1231 -0.1299 -0.1218 -0.1283 -0.1417 -0.124 -0.1279 -0.1039 -0.1099 -0.09715
 -0.09868 -0.09881 -0.1088 -0.09613 -0.09057 -0.1009 -0.09364 -0.06735 -0.09816 -0.1127
 -0.06226 -0.05642 -0.07389 -0.06149 -0.04758 -0.04564 -0.06683 -0.04388 -0.0748 -0.07313
 -0.02406 -0.01575 -0.03426 -0.0191 -0.01418 0.01086 -0.03072 -0.01902 -0.03403 -0.02068
 -0.003149 -0.001793 -0.002478 -0.009093 -0.003773 0.009226 -0.002842 0.00218 -0.003158 -0.004274
 -0.001823 -0.001892 -0.000585 0.0021 -0.0002 -0.0012 -2.3e-05 -0.0002 -2.3e-05 -0.001446
 -0.004752 -0.003006 0.004131 -0.002032 -0.0004311 -0.006992 -0.006157 0.0004651 -0.003445 -0.003537
 -0.007028 -0.009224 -0.005841 -0.01823 -0.01286 -0.008284 -0.009618 -0.004227 -0.002869 -0.01238
 -0.03228 -0.03331 -0.02955 -0.0248 -0.03123 -0.02789 -0.03704 -0.01195 -0.02326 -0.04472
 -0.06198 -0.08079 -0.06252 -0.0578 -0.06326 -0.07047 -0.07608 -0.04715 -0.06403 -0.05436
 -0.07254 -0.0965 -0.07441 -0.07965 -0.08699 -0.08082 -0.0847 -0.06804 -0.07003 -0.07303
 -0.07096 -0.09402 -0.07735 -0.07694 -0.08283 -0.07506 -0.08548 -0.04301 -0.05968 -0.08333
 -0.06627 -0.06776 -0.0659 -0.0621 -0.08807 -0.06793 -0.07189 -0.04839 -0.07222 -0.07235
 -0.05838 -0.05443 -0.0594 -0.05545 -0.08766 -0.06947 -0.07536 -0.04842 -0.08201 -0.08467
 -0.08733 -0.09589 -0.0999 -0.1087 -0.09842 -0.106 -0.1124 -0.09684 -0.09312 -0.1007
 -0.09322 -0.09535 -0.0978 -0.1004 -0.07933 -0.1016 -0.1023 -0.08304 -0.09652 -0.1042
 -0.0498 -0.05779 -0.06614 -0.02866 -0.05022 -0.05394 -0.06258 -0.03259 -0.04172 -0.05162
 -0.02404 -0.02178 -0.02787 -0.01125 -0.03194 -0.009681 -0.03049 -0.01923 -0.01435 -0.01575
 -0.01159 -0.004696 -0.006411 -0.003791 -0.006284 0.006433 -0.005844 -0.004448 -0.00205 -0.00811
 -0.0001 -0.0005 0.0055 0 -0.0005 0 -0.0019 0 -0.005 -0.0002
 -0.001887 -0.001499 0.003479 -0.002412 -0.0002918 -0.001791 -0.003162 -0.002811 -0.00158 0.0001842
 -0.01417 -0.01184 -0.01083 -0.03403 -0.0209 -0.003662 -0.01975 -0.00988 -0.01045 -0.02327
 -0.04193 -0.04978 -0.02986 -0.06291 -0.05106 -0.03881 -0.05304 -0.04657 -0.04199 -0.0384
 -0.07269 -0.08775 -0.06509 -0.0594 -0.05642 -0.05945 -0.07063 -0.0595 -0.06781 -0.05642
 -0.06053 -0.08832 -0.06061 -0.07439 -0.05297 -0.0582 -0.07366 -0.05364 -0.05362 -0.06107
 -0.03842 -0.0644 -0.05611 -0.06372 -0.0532 -0.04531 -0.04373 -0.04796 -0.04433 -0.04323
 -0.02317 -0.03617 -0.05172 -0.0459 -0.05567 -0.01923 -0.05588 -0.0517 -0.07087 -0.02992
 -0.04441 -0.03637 -0.06527 -0.04309 -0.06073 -0.05212 -0.06812 -0.03759 -0.06875 -0.08077
 -0.09899 -0.101 -0.114 -0.1098 -0.1024 -0.1147 -0.128 -0.08907 -0.1119 -0.1018
 -0.07645 -0.08946 -0.08817 -0.06939 -0.08867 -0.09285 -0.1037 -0.07391 -0.08213 -0.0849
 -0.04123 -0.04623 -0.04553 -0.02529 -0.04001 -0.05154 -0.05893 -0.05132 -0.0227 -0.0289
 -0.01595 -0.02313 -0.03269 0.007829 -0.0285 -0.02014 -0.0272 -0.0184 -0.01711 -0.01966
 -0.007595 -0.009658 -0.00302 0.00058 -0.01065 -0.003555 -0.009983 -0.002714 -0.002648 -0.004437
 -0.0022 -0.002 0.0042 0 -0.0016 -0.0015 0 -0.0004 -0.0006 -0.0009
 -0.0004117 -0.003999 0.006426 -0.0019 0.0004244 -0.002375 -0.005371 -0.005776 -0.006592 -0.001362
 -0.01994 -0.01899 -0.02731 -0.03108 -0.02801 -0.005356 -0.02174 -0.02703 -0.0127 -0.01001
 -0.05104 -0.06382 -0.05216 -0.07595 -0.05685 -0.04717 -0.05317 -0.05516 -0.06004 -0.02446
 -0.06478 -0.08446 -0.0706 -0.08995 -0.05688 -0.05601 -0.07717 -0.06344 -0.0636 -0.06791
 -0.06357 -0.06383 -0.03768 -0.07967 -0.05426 -0.0408 -0.0681 -0.08343 -0.06602 -0.02974
 -0.04876 -0.05612 -0.05504 -0.06859 -0.05935 -0.02881 -0.05551 -0.08727 -0.03562 -0.03449
 -0.06127 -0.05215 -0.0594 -0.05838 -0.0644 -0.04112 -0.05822 -0.07967 -0.04521 -0.02786
 -0.08837 -0.05586 -0.08955 -0.069 -0.08461 -0.1086 -0.09318 -0.07813 -0.1092 -0.0722
 -0.08964 -0.1135 -0.1018 -0.09082 -0.09754 -0.1342 -0.1329 -0.1137 -0.1014 -0.1073
 -0.04442 -0.06153 -0.05541 -0.05987 -0.06645 -0.0694 -0.07967 -0.0609 -0.06275 -0.04453
 -0.01061 -0.02698 -0.03251 -0.01241 -0.02483 -0.04313 -0.04551 -0.02319 -0.02106 -0.01909
 0.006025 -0.008616 -0.007264 0.008805 -0.008435 -0.02349 -0.01393 -0.006842 -0.005874 -0.01066
 0.006978 -0.000845 -0.000458 3.4e-05 -0.000422 -0.007518 -0.001038 -0.000582 -0.000922 -0.000761
 -0.000506 -0.00046 0.000966 0 -0.000368 -0.000345 0 -9.2e-05 -0.000138 -0.000207
 0.0008748 -0.008595 -0.003864 -0.01165 0.00295 -0.002622 -0.004478 -0.007764 -0.002592 -0.008733
 -0.01463 -0.03357 -0.04065 -0.03742 -0.007797 -0.01713 -0.01533 -0.02536 -0.01457 -0.01231
 -0.04056 -0.06148 -0.06555 -0.0734 -0.03077 -0.02704 -0.04271 -0.07018 -0.04959 -0.02499
 -0.06549 -0.07461 -0.09449 -0.08043 -0.04449 -0.04951 -0.06078 -0.07243 -0.0494 -0.05085
 -0.05404 -0.05275 -0.06728 -0.06866 -0.03698 -0.05728 -0.05078 -0.09109 -0.04309 -0.04265
 -0.05369 -0.06346 -0.07966 -0.05815 -0.05115 -0.04612 -0.06766 -0.08636 -0.06278 -0.03919
 -0.1029 -0.08105 -0.09467 -0.08304 -0.09252 -0.09187 -0.1079 -0.1063 -0.09035 -0.07572
 -0.1187 -0.1085 -0.1141 -0.0974 -0.1004 -0.1156 -0.1198 -0.1131 -0.1142 -0.0912
 -0.08211 -0.07706 -0.07543 -0.05661 -0.06893 -0.08783 -0.1016 -0.07267 -0.08245 -0.06024
 -0.03447 -0.03247 -0.03654 -0.03545 -0.03584 -0.04439 -0.05538 -0.03767 -0.04348 -0.009819
 0.003387 -0.01266 -0.01127 -0.006801 -0.004282 -0.02678 -0.03132 -0.01589 -0.01501 -0.01466
 0.006926 -0.003508 -0.001853 -0.005917 -0.003442 -0.01335 -0.008857 -0.004391 -0.001779 -0.003893
 0.006437 -0.0002317 -0.0004334 -0.0002586 -0.0002317 -0.006216 -0.0006894 -0.0004317 -0.0005758 -0.0005421
 0.002256 -0.0009967 -0.003613 -0.0004151 0.002311 -0.001429 -0.0001074 -8.44e-05 -0.0003374 -0.0004294
 -0.001337 -0.01143 -0.01665 -0.01889 0.006311 -9.534e-05 -0.004398 -0.01745 -0.01583 -0.002442
 -0.007453 -0.02173 -0.04236 -0.03548 -0.003848 -0.002119 -0.01144 -0.02924 -0.0194 -0.02036
 -0.04296 -0.0608 -0.07021 -0.04296 -0.02227 -0.03739 -0.04069 -0.06082 -0.06148 -0.04596
